CST_AIRFOIL
1.000000 0.000000
0.995984 0.001408
0.991968 0.002808
0.987952 0.004201
0.983936 0.005586
0.979920 0.006964
0.975904 0.008333
0.971888 0.009695
0.967871 0.011048
0.963855 0.012393
0.959839 0.013730
0.955823 0.015058
0.951807 0.016378
0.947791 0.017689
0.943775 0.018991
0.939759 0.020283
0.935743 0.021567
0.931727 0.022841
0.927711 0.024106
0.923695 0.025361
0.919679 0.026607
0.915663 0.027843
0.911647 0.029069
0.907631 0.030285
0.903614 0.031491
0.899598 0.032687
0.895582 0.033872
0.891566 0.035047
0.887550 0.036211
0.883534 0.037365
0.879518 0.038507
0.875502 0.039639
0.871486 0.040760
0.867470 0.041870
0.863454 0.042968
0.859438 0.044055
0.855422 0.045131
0.851406 0.046195
0.847390 0.047248
0.843373 0.048289
0.839357 0.049317
0.835341 0.050334
0.831325 0.051339
0.827309 0.052332
0.823293 0.053313
0.819277 0.054281
0.815261 0.055237
0.811245 0.056181
0.807229 0.057111
0.803213 0.058030
0.799197 0.058935
0.795181 0.059828
0.791165 0.060707
0.787149 0.061574
0.783133 0.062427
0.779116 0.063268
0.775100 0.064095
0.771084 0.064908
0.767068 0.065709
0.763052 0.066496
0.759036 0.067269
0.755020 0.068029
0.751004 0.068775
0.746988 0.069507
0.742972 0.070225
0.738956 0.070930
0.734940 0.071620
0.730924 0.072296
0.726908 0.072959
0.722892 0.073607
0.718876 0.074241
0.714859 0.074860
0.710843 0.075466
0.706827 0.076056
0.702811 0.076633
0.698795 0.077195
0.694779 0.077742
0.690763 0.078275
0.686747 0.078792
0.682731 0.079296
0.678715 0.079784
0.674699 0.080258
0.670683 0.080717
0.666667 0.081161
0.662651 0.081590
0.658635 0.082004
0.654618 0.082402
0.650602 0.082786
0.646586 0.083155
0.642570 0.083509
0.638554 0.083847
0.634538 0.084171
0.630522 0.084479
0.626506 0.084772
0.622490 0.085049
0.618474 0.085312
0.614458 0.085559
0.610442 0.085790
0.606426 0.086006
0.602410 0.086207
0.598394 0.086393
0.594378 0.086563
0.590361 0.086718
0.586345 0.086857
0.582329 0.086981
0.578313 0.087089
0.574297 0.087182
0.570281 0.087260
0.566265 0.087322
0.562249 0.087368
0.558233 0.087399
0.554217 0.087415
0.550201 0.087415
0.546185 0.087400
0.542169 0.087370
0.538153 0.087324
0.534137 0.087262
0.530120 0.087185
0.526104 0.087093
0.522088 0.086986
0.518072 0.086863
0.514056 0.086725
0.510040 0.086572
0.506024 0.086403
0.502008 0.086219
0.497992 0.086020
0.493976 0.085806
0.489960 0.085577
0.485944 0.085333
0.481928 0.085074
0.477912 0.084800
0.473896 0.084510
0.469880 0.084206
0.465863 0.083887
0.461847 0.083554
0.457831 0.083206
0.453815 0.082843
0.449799 0.082465
0.445783 0.082073
0.441767 0.081666
0.437751 0.081245
0.433735 0.080810
0.429719 0.080361
0.425703 0.079897
0.421687 0.079419
0.417671 0.078928
0.413655 0.078422
0.409639 0.077902
0.405622 0.077369
0.401606 0.076822
0.397590 0.076262
0.393574 0.075688
0.389558 0.075101
0.385542 0.074501
0.381526 0.073887
0.377510 0.073261
0.373494 0.072622
0.369478 0.071970
0.365462 0.071305
0.361446 0.070628
0.357430 0.069938
0.353414 0.069237
0.349398 0.068523
0.345382 0.067797
0.341365 0.067060
0.337349 0.066310
0.333333 0.065550
0.329317 0.064778
0.325301 0.063995
0.321285 0.063201
0.317269 0.062396
0.313253 0.061580
0.309237 0.060755
0.305221 0.059919
0.301205 0.059072
0.297189 0.058216
0.293173 0.057351
0.289157 0.056476
0.285141 0.055591
0.281124 0.054698
0.277108 0.053796
0.273092 0.052885
0.269076 0.051967
0.265060 0.051040
0.261044 0.050105
0.257028 0.049163
0.253012 0.048214
0.248996 0.047257
0.244980 0.046294
0.240964 0.045325
0.236948 0.044349
0.232932 0.043368
0.228916 0.042381
0.224900 0.041389
0.220884 0.040392
0.216867 0.039390
0.212851 0.038385
0.208835 0.037376
0.204819 0.036363
0.200803 0.035348
0.196787 0.034329
0.192771 0.033309
0.188755 0.032287
0.184739 0.031263
0.180723 0.030239
0.176707 0.029214
0.172691 0.028189
0.168675 0.027165
0.164659 0.026142
0.160643 0.025121
0.156627 0.024102
0.152610 0.023085
0.148594 0.022072
0.144578 0.021063
0.140562 0.020058
0.136546 0.019059
0.132530 0.018066
0.128514 0.017079
0.124498 0.016100
0.120482 0.015130
0.116466 0.014168
0.112450 0.013216
0.108434 0.012276
0.104418 0.011347
0.100402 0.010432
0.096386 0.009530
0.092369 0.008644
0.088353 0.007774
0.084337 0.006922
0.080321 0.006089
0.076305 0.005277
0.072289 0.004488
0.068273 0.003723
0.064257 0.002984
0.060241 0.002273
0.056225 0.001594
0.052209 0.000948
0.048193 0.000339
0.044177 -0.000230
0.040161 -0.000754
0.036145 -0.001229
0.032129 -0.001649
0.028112 -0.002007
0.024096 -0.002293
0.020080 -0.002495
0.016064 -0.002595
0.012048 -0.002566
0.008032 -0.002358
0.004016 -0.001856
0.000000 0.000000
0.004016 -0.002515
0.008032 -0.003286
0.012048 -0.003696
0.016064 -0.003893
0.020080 -0.003938
0.024096 -0.003866
0.028112 -0.003698
0.032129 -0.003449
0.036145 -0.003130
0.040161 -0.002749
0.044177 -0.002313
0.048193 -0.001829
0.052209 -0.001300
0.056225 -0.000731
0.060241 -0.000125
0.064257 0.000514
0.068273 0.001184
0.072289 0.001883
0.076305 0.002608
0.080321 0.003357
0.084337 0.004128
0.088353 0.004920
0.092369 0.005731
0.096386 0.006560
0.100402 0.007405
0.104418 0.008265
0.108434 0.009138
0.112450 0.010024
0.116466 0.010922
0.120482 0.011830
0.124498 0.012748
0.128514 0.013675
0.132530 0.014609
0.136546 0.015551
0.140562 0.016498
0.144578 0.017451
0.148594 0.018409
0.152610 0.019371
0.156627 0.020336
0.160643 0.021305
0.164659 0.022275
0.168675 0.023247
0.172691 0.024220
0.176707 0.025193
0.180723 0.026167
0.184739 0.027140
0.188755 0.028111
0.192771 0.029082
0.196787 0.030050
0.200803 0.031017
0.204819 0.031980
0.208835 0.032940
0.212851 0.033896
0.216867 0.034849
0.220884 0.035797
0.224900 0.036741
0.228916 0.037679
0.232932 0.038612
0.236948 0.039539
0.240964 0.040460
0.244980 0.041375
0.248996 0.042283
0.253012 0.043184
0.257028 0.044078
0.261044 0.044964
0.265060 0.045843
0.269076 0.046713
0.273092 0.047576
0.277108 0.048429
0.281124 0.049274
0.285141 0.050110
0.289157 0.050937
0.293173 0.051754
0.297189 0.052561
0.301205 0.053359
0.305221 0.054147
0.309237 0.054924
0.313253 0.055691
0.317269 0.056447
0.321285 0.057193
0.325301 0.057927
0.329317 0.058651
0.333333 0.059363
0.337349 0.060063
0.341365 0.060752
0.345382 0.061429
0.349398 0.062095
0.353414 0.062748
0.357430 0.063389
0.361446 0.064018
0.365462 0.064635
0.369478 0.065239
0.373494 0.065830
0.377510 0.066408
0.381526 0.066974
0.385542 0.067527
0.389558 0.068067
0.393574 0.068593
0.397590 0.069106
0.401606 0.069606
0.405622 0.070093
0.409639 0.070566
0.413655 0.071025
0.417671 0.071471
0.421687 0.071903
0.425703 0.072321
0.429719 0.072725
0.433735 0.073116
0.437751 0.073492
0.441767 0.073855
0.445783 0.074203
0.449799 0.074537
0.453815 0.074857
0.457831 0.075163
0.461847 0.075454
0.465863 0.075732
0.469880 0.075994
0.473896 0.076243
0.477912 0.076477
0.481928 0.076697
0.485944 0.076902
0.489960 0.077093
0.493976 0.077269
0.497992 0.077431
0.502008 0.077578
0.506024 0.077711
0.510040 0.077829
0.514056 0.077933
0.518072 0.078022
0.522088 0.078097
0.526104 0.078157
0.530120 0.078202
0.534137 0.078233
0.538153 0.078250
0.542169 0.078252
0.546185 0.078239
0.550201 0.078212
0.554217 0.078171
0.558233 0.078115
0.562249 0.078045
0.566265 0.077960
0.570281 0.077861
0.574297 0.077748
0.578313 0.077620
0.582329 0.077478
0.586345 0.077321
0.590361 0.077151
0.594378 0.076966
0.598394 0.076768
0.602410 0.076555
0.606426 0.076328
0.610442 0.076087
0.614458 0.075832
0.618474 0.075563
0.622490 0.075281
0.626506 0.074984
0.630522 0.074674
0.634538 0.074350
0.638554 0.074013
0.642570 0.073662
0.646586 0.073297
0.650602 0.072920
0.654618 0.072528
0.658635 0.072124
0.662651 0.071706
0.666667 0.071275
0.670683 0.070831
0.674699 0.070374
0.678715 0.069904
0.682731 0.069421
0.686747 0.068925
0.690763 0.068417
0.694779 0.067896
0.698795 0.067363
0.702811 0.066817
0.706827 0.066259
0.710843 0.065688
0.714859 0.065106
0.718876 0.064511
0.722892 0.063904
0.726908 0.063286
0.730924 0.062655
0.734940 0.062013
0.738956 0.061360
0.742972 0.060695
0.746988 0.060018
0.751004 0.059331
0.755020 0.058632
0.759036 0.057922
0.763052 0.057201
0.767068 0.056469
0.771084 0.055727
0.775100 0.054974
0.779116 0.054210
0.783133 0.053436
0.787149 0.052652
0.791165 0.051858
0.795181 0.051053
0.799197 0.050239
0.803213 0.049415
0.807229 0.048581
0.811245 0.047738
0.815261 0.046886
0.819277 0.046024
0.823293 0.045153
0.827309 0.044273
0.831325 0.043384
0.835341 0.042486
0.839357 0.041580
0.843373 0.040666
0.847390 0.039743
0.851406 0.038812
0.855422 0.037872
0.859438 0.036925
0.863454 0.035971
0.867470 0.035008
0.871486 0.034038
0.875502 0.033061
0.879518 0.032077
0.883534 0.031085
0.887550 0.030087
0.891566 0.029082
0.895582 0.028071
0.899598 0.027053
0.903614 0.026028
0.907631 0.024998
0.911647 0.023962
0.915663 0.022920
0.919679 0.021872
0.923695 0.020819
0.927711 0.019761
0.931727 0.018698
0.935743 0.017629
0.939759 0.016556
0.943775 0.015478
0.947791 0.014396
0.951807 0.013309
0.955823 0.012219
0.959839 0.011124
0.963855 0.010026
0.967871 0.008924
0.971888 0.007818
0.975904 0.006710
0.979920 0.005598
0.983936 0.004483
0.987952 0.003366
0.991968 0.002246
0.995984 0.001124
1.000000 0.000000
