CST_AIRFOIL
1.000000 0.000000
0.994975 0.001249
0.989950 0.002512
0.984925 0.003789
0.979899 0.005079
0.974874 0.006382
0.969849 0.007697
0.964824 0.009024
0.959799 0.010363
0.954774 0.011712
0.949749 0.013072
0.944724 0.014442
0.939698 0.015822
0.934673 0.017211
0.929648 0.018609
0.924623 0.020016
0.919598 0.021430
0.914573 0.022852
0.909548 0.024282
0.904523 0.025718
0.899497 0.027160
0.894472 0.028609
0.889447 0.030062
0.884422 0.031522
0.879397 0.032985
0.874372 0.034453
0.869347 0.035925
0.864322 0.037401
0.859296 0.038880
0.854271 0.040361
0.849246 0.041845
0.844221 0.043330
0.839196 0.044817
0.834171 0.046305
0.829146 0.047794
0.824121 0.049284
0.819095 0.050773
0.814070 0.052262
0.809045 0.053750
0.804020 0.055237
0.798995 0.056722
0.793970 0.058205
0.788945 0.059686
0.783920 0.061165
0.778894 0.062640
0.773869 0.064112
0.768844 0.065580
0.763819 0.067044
0.758794 0.068503
0.753769 0.069957
0.748744 0.071407
0.743719 0.072850
0.738693 0.074288
0.733668 0.075719
0.728643 0.077143
0.723618 0.078561
0.718593 0.079971
0.713568 0.081373
0.708543 0.082767
0.703518 0.084153
0.698492 0.085530
0.693467 0.086898
0.688442 0.088256
0.683417 0.089605
0.678392 0.090943
0.673367 0.092271
0.668342 0.093588
0.663317 0.094894
0.658291 0.096188
0.653266 0.097471
0.648241 0.098741
0.643216 0.099999
0.638191 0.101244
0.633166 0.102476
0.628141 0.103695
0.623116 0.104899
0.618090 0.106090
0.613065 0.107266
0.608040 0.108428
0.603015 0.109575
0.597990 0.110706
0.592965 0.111821
0.587940 0.112921
0.582915 0.114004
0.577889 0.115071
0.572864 0.116121
0.567839 0.117154
0.562814 0.118169
0.557789 0.119166
0.552764 0.120146
0.547739 0.121107
0.542714 0.122049
0.537688 0.122972
0.532663 0.123877
0.527638 0.124761
0.522613 0.125626
0.517588 0.126470
0.512563 0.127295
0.507538 0.128098
0.502513 0.128881
0.497487 0.129642
0.492462 0.130381
0.487437 0.131099
0.482412 0.131795
0.477387 0.132468
0.472362 0.133119
0.467337 0.133746
0.462312 0.134351
0.457286 0.134932
0.452261 0.135489
0.447236 0.136022
0.442211 0.136531
0.437186 0.137015
0.432161 0.137474
0.427136 0.137908
0.422111 0.138316
0.417085 0.138699
0.412060 0.139056
0.407035 0.139386
0.402010 0.139690
0.396985 0.139967
0.391960 0.140217
0.386935 0.140440
0.381910 0.140635
0.376884 0.140801
0.371859 0.140940
0.366834 0.141050
0.361809 0.141132
0.356784 0.141184
0.351759 0.141207
0.346734 0.141200
0.341709 0.141163
0.336683 0.141096
0.331658 0.140998
0.326633 0.140869
0.321608 0.140709
0.316583 0.140518
0.311558 0.140294
0.306533 0.140039
0.301508 0.139751
0.296482 0.139430
0.291457 0.139076
0.286432 0.138688
0.281407 0.138266
0.276382 0.137810
0.271357 0.137319
0.266332 0.136793
0.261307 0.136232
0.256281 0.135635
0.251256 0.135001
0.246231 0.134330
0.241206 0.133622
0.236181 0.132877
0.231156 0.132093
0.226131 0.131270
0.221106 0.130407
0.216080 0.129505
0.211055 0.128562
0.206030 0.127577
0.201005 0.126551
0.195980 0.125482
0.190955 0.124369
0.185930 0.123212
0.180905 0.122010
0.175879 0.120762
0.170854 0.119467
0.165829 0.118123
0.160804 0.116730
0.155779 0.115286
0.150754 0.113791
0.145729 0.112242
0.140704 0.110638
0.135678 0.108977
0.130653 0.107258
0.125628 0.105477
0.120603 0.103634
0.115578 0.101725
0.110553 0.099747
0.105528 0.097698
0.100503 0.095573
0.095477 0.093368
0.090452 0.091080
0.085427 0.088701
0.080402 0.086228
0.075377 0.083651
0.070352 0.080963
0.065327 0.078154
0.060302 0.075211
0.055276 0.072121
0.050251 0.068865
0.045226 0.065419
0.040201 0.061755
0.035176 0.057834
0.030151 0.053600
0.025126 0.048977
0.020101 0.043844
0.015075 0.037999
0.010050 0.031046
0.005025 0.021965
0.000000 0.000000
0.005025 0.006715
0.010050 0.009585
0.015075 0.011845
0.020101 0.013795
0.025126 0.015549
0.030151 0.017167
0.035176 0.018680
0.040201 0.020112
0.045226 0.021476
0.050251 0.022784
0.055276 0.024042
0.060302 0.025256
0.065327 0.026432
0.070352 0.027572
0.075377 0.028679
0.080402 0.029756
0.085427 0.030804
0.090452 0.031826
0.095477 0.032822
0.100503 0.033793
0.105528 0.034741
0.110553 0.035665
0.115578 0.036568
0.120603 0.037448
0.125628 0.038308
0.130653 0.039146
0.135678 0.039965
0.140704 0.040763
0.145729 0.041541
0.150754 0.042299
0.155779 0.043038
0.160804 0.043758
0.165829 0.044459
0.170854 0.045141
0.175879 0.045804
0.180905 0.046448
0.185930 0.047073
0.190955 0.047681
0.195980 0.048269
0.201005 0.048840
0.206030 0.049392
0.211055 0.049926
0.216080 0.050442
0.221106 0.050940
0.226131 0.051420
0.231156 0.051882
0.236181 0.052326
0.241206 0.052752
0.246231 0.053160
0.251256 0.053551
0.256281 0.053924
0.261307 0.054280
0.266332 0.054618
0.271357 0.054939
0.276382 0.055242
0.281407 0.055528
0.286432 0.055797
0.291457 0.056048
0.296482 0.056283
0.301508 0.056500
0.306533 0.056701
0.311558 0.056884
0.316583 0.057051
0.321608 0.057201
0.326633 0.057335
0.331658 0.057451
0.336683 0.057552
0.341709 0.057636
0.346734 0.057704
0.351759 0.057756
0.356784 0.057792
0.361809 0.057812
0.366834 0.057816
0.371859 0.057804
0.376884 0.057777
0.381910 0.057734
0.386935 0.057676
0.391960 0.057602
0.396985 0.057514
0.402010 0.057411
0.407035 0.057292
0.412060 0.057159
0.417085 0.057012
0.422111 0.056850
0.427136 0.056674
0.432161 0.056483
0.437186 0.056279
0.442211 0.056061
0.447236 0.055829
0.452261 0.055584
0.457286 0.055326
0.462312 0.055054
0.467337 0.054769
0.472362 0.054471
0.477387 0.054161
0.482412 0.053839
0.487437 0.053504
0.492462 0.053156
0.497487 0.052797
0.502513 0.052427
0.507538 0.052044
0.512563 0.051651
0.517588 0.051246
0.522613 0.050830
0.527638 0.050403
0.532663 0.049966
0.537688 0.049519
0.542714 0.049061
0.547739 0.048594
0.552764 0.048117
0.557789 0.047630
0.562814 0.047134
0.567839 0.046630
0.572864 0.046116
0.577889 0.045594
0.582915 0.045063
0.587940 0.044524
0.592965 0.043978
0.597990 0.043424
0.603015 0.042862
0.608040 0.042293
0.613065 0.041718
0.618090 0.041135
0.623116 0.040547
0.628141 0.039952
0.633166 0.039351
0.638191 0.038745
0.643216 0.038134
0.648241 0.037517
0.653266 0.036895
0.658291 0.036269
0.663317 0.035639
0.668342 0.035005
0.673367 0.034367
0.678392 0.033725
0.683417 0.033080
0.688442 0.032433
0.693467 0.031783
0.698492 0.031130
0.703518 0.030476
0.708543 0.029820
0.713568 0.029162
0.718593 0.028503
0.723618 0.027844
0.728643 0.027184
0.733668 0.026523
0.738693 0.025863
0.743719 0.025203
0.748744 0.024544
0.753769 0.023886
0.758794 0.023230
0.763819 0.022574
0.768844 0.021921
0.773869 0.021271
0.778894 0.020622
0.783920 0.019977
0.788945 0.019335
0.793970 0.018697
0.798995 0.018063
0.804020 0.017432
0.809045 0.016807
0.814070 0.016186
0.819095 0.015571
0.824121 0.014962
0.829146 0.014358
0.834171 0.013761
0.839196 0.013170
0.844221 0.012587
0.849246 0.012011
0.854271 0.011442
0.859296 0.010882
0.864322 0.010330
0.869347 0.009787
0.874372 0.009253
0.879397 0.008729
0.884422 0.008215
0.889447 0.007711
0.894472 0.007217
0.899497 0.006735
0.904523 0.006264
0.909548 0.005805
0.914573 0.005358
0.919598 0.004924
0.924623 0.004502
0.929648 0.004094
0.934673 0.003700
0.939698 0.003320
0.944724 0.002954
0.949749 0.002603
0.954774 0.002267
0.959799 0.001947
0.964824 0.001643
0.969849 0.001356
0.974874 0.001085
0.979899 0.000832
0.984925 0.000597
0.989950 0.000379
0.994975 0.000180
1.000000 0.000000
