CST_AIRFOIL
1.000000 0.000000
0.994975 0.002492
0.989950 0.004971
0.984925 0.007438
0.979899 0.009891
0.974874 0.012331
0.969849 0.014758
0.964824 0.017171
0.959799 0.019571
0.954774 0.021956
0.949749 0.024326
0.944724 0.026682
0.939698 0.029023
0.934673 0.031349
0.929648 0.033660
0.924623 0.035955
0.919598 0.038234
0.914573 0.040497
0.909548 0.042745
0.904523 0.044975
0.899497 0.047189
0.894472 0.049386
0.889447 0.051566
0.884422 0.053729
0.879397 0.055874
0.874372 0.058001
0.869347 0.060111
0.864322 0.062202
0.859296 0.064275
0.854271 0.066330
0.849246 0.068366
0.844221 0.070382
0.839196 0.072380
0.834171 0.074358
0.829146 0.076317
0.824121 0.078256
0.819095 0.080175
0.814070 0.082074
0.809045 0.083953
0.804020 0.085811
0.798995 0.087648
0.793970 0.089465
0.788945 0.091260
0.783920 0.093035
0.778894 0.094788
0.773869 0.096519
0.768844 0.098229
0.763819 0.099916
0.758794 0.101582
0.753769 0.103225
0.748744 0.104846
0.743719 0.106445
0.738693 0.108020
0.733668 0.109573
0.728643 0.111102
0.723618 0.112609
0.718593 0.114092
0.713568 0.115551
0.708543 0.116986
0.703518 0.118398
0.698492 0.119786
0.693467 0.121150
0.688442 0.122489
0.683417 0.123804
0.678392 0.125094
0.673367 0.126359
0.668342 0.127600
0.663317 0.128815
0.658291 0.130006
0.653266 0.131171
0.648241 0.132311
0.643216 0.133425
0.638191 0.134513
0.633166 0.135576
0.628141 0.136613
0.623116 0.137624
0.618090 0.138608
0.613065 0.139567
0.608040 0.140498
0.603015 0.141404
0.597990 0.142282
0.592965 0.143134
0.587940 0.143960
0.582915 0.144758
0.577889 0.145529
0.572864 0.146273
0.567839 0.146989
0.562814 0.147679
0.557789 0.148340
0.552764 0.148974
0.547739 0.149581
0.542714 0.150160
0.537688 0.150711
0.532663 0.151234
0.527638 0.151729
0.522613 0.152195
0.517588 0.152634
0.512563 0.153044
0.507538 0.153426
0.502513 0.153780
0.497487 0.154105
0.492462 0.154401
0.487437 0.154669
0.482412 0.154908
0.477387 0.155118
0.472362 0.155300
0.467337 0.155452
0.462312 0.155575
0.457286 0.155670
0.452261 0.155735
0.447236 0.155771
0.442211 0.155777
0.437186 0.155755
0.432161 0.155703
0.427136 0.155621
0.422111 0.155510
0.417085 0.155370
0.412060 0.155200
0.407035 0.155000
0.402010 0.154771
0.396985 0.154512
0.391960 0.154223
0.386935 0.153904
0.381910 0.153556
0.376884 0.153177
0.371859 0.152769
0.366834 0.152330
0.361809 0.151862
0.356784 0.151363
0.351759 0.150834
0.346734 0.150275
0.341709 0.149686
0.336683 0.149066
0.331658 0.148417
0.326633 0.147736
0.321608 0.147026
0.316583 0.146285
0.311558 0.145513
0.306533 0.144711
0.301508 0.143878
0.296482 0.143015
0.291457 0.142120
0.286432 0.141195
0.281407 0.140239
0.276382 0.139252
0.271357 0.138235
0.266332 0.137185
0.261307 0.136105
0.256281 0.134994
0.251256 0.133851
0.246231 0.132676
0.241206 0.131470
0.236181 0.130232
0.231156 0.128962
0.226131 0.127660
0.221106 0.126326
0.216080 0.124960
0.211055 0.123560
0.206030 0.122128
0.201005 0.120663
0.195980 0.119164
0.190955 0.117632
0.185930 0.116065
0.180905 0.114464
0.175879 0.112829
0.170854 0.111158
0.165829 0.109451
0.160804 0.107708
0.155779 0.105929
0.150754 0.104111
0.145729 0.102255
0.140704 0.100360
0.135678 0.098425
0.130653 0.096449
0.125628 0.094430
0.120603 0.092368
0.115578 0.090260
0.110553 0.088106
0.105528 0.085902
0.100503 0.083647
0.095477 0.081338
0.090452 0.078972
0.085427 0.076546
0.080402 0.074056
0.075377 0.071496
0.070352 0.068861
0.065327 0.066143
0.060302 0.063335
0.055276 0.060427
0.050251 0.057404
0.045226 0.054250
0.040201 0.050944
0.035176 0.047456
0.030151 0.043747
0.025126 0.039757
0.020101 0.035394
0.015075 0.030505
0.010050 0.024783
0.005025 0.017433
0.000000 0.000000
0.005025 0.007249
0.010050 0.010492
0.015075 0.013140
0.020101 0.015502
0.025126 0.017693
0.030151 0.019771
0.035176 0.021768
0.040201 0.023705
0.045226 0.025595
0.050251 0.027447
0.055276 0.029269
0.060302 0.031064
0.065327 0.032836
0.070352 0.034589
0.075377 0.036323
0.080402 0.038041
0.085427 0.039744
0.090452 0.041433
0.095477 0.043107
0.100503 0.044769
0.105528 0.046418
0.110553 0.048054
0.115578 0.049677
0.120603 0.051288
0.125628 0.052887
0.130653 0.054472
0.135678 0.056045
0.140704 0.057606
0.145729 0.059153
0.150754 0.060687
0.155779 0.062207
0.160804 0.063714
0.165829 0.065208
0.170854 0.066687
0.175879 0.068151
0.180905 0.069601
0.185930 0.071037
0.190955 0.072457
0.195980 0.073861
0.201005 0.075251
0.206030 0.076624
0.211055 0.077981
0.216080 0.079321
0.221106 0.080645
0.226131 0.081952
0.231156 0.083241
0.236181 0.084514
0.241206 0.085768
0.246231 0.087004
0.251256 0.088223
0.256281 0.089422
0.261307 0.090603
0.266332 0.091765
0.271357 0.092908
0.276382 0.094032
0.281407 0.095136
0.286432 0.096219
0.291457 0.097283
0.296482 0.098327
0.301508 0.099350
0.306533 0.100353
0.311558 0.101334
0.316583 0.102294
0.321608 0.103234
0.326633 0.104151
0.331658 0.105047
0.336683 0.105921
0.341709 0.106773
0.346734 0.107603
0.351759 0.108411
0.356784 0.109196
0.361809 0.109958
0.366834 0.110698
0.371859 0.111414
0.376884 0.112107
0.381910 0.112777
0.386935 0.113424
0.391960 0.114047
0.396985 0.114646
0.402010 0.115221
0.407035 0.115773
0.412060 0.116300
0.417085 0.116803
0.422111 0.117281
0.427136 0.117735
0.432161 0.118165
0.437186 0.118570
0.442211 0.118950
0.447236 0.119305
0.452261 0.119635
0.457286 0.119940
0.462312 0.120220
0.467337 0.120475
0.472362 0.120704
0.477387 0.120908
0.482412 0.121086
0.487437 0.121238
0.492462 0.121365
0.497487 0.121466
0.502513 0.121542
0.507538 0.121591
0.512563 0.121615
0.517588 0.121612
0.522613 0.121583
0.527638 0.121529
0.532663 0.121448
0.537688 0.121340
0.542714 0.121207
0.547739 0.121047
0.552764 0.120861
0.557789 0.120648
0.562814 0.120409
0.567839 0.120144
0.572864 0.119852
0.577889 0.119533
0.582915 0.119188
0.587940 0.118816
0.592965 0.118418
0.597990 0.117993
0.603015 0.117541
0.608040 0.117063
0.613065 0.116558
0.618090 0.116026
0.623116 0.115468
0.628141 0.114883
0.633166 0.114271
0.638191 0.113633
0.643216 0.112968
0.648241 0.112276
0.653266 0.111557
0.658291 0.110812
0.663317 0.110041
0.668342 0.109242
0.673367 0.108417
0.678392 0.107565
0.683417 0.106687
0.688442 0.105782
0.693467 0.104851
0.698492 0.103893
0.703518 0.102908
0.708543 0.101898
0.713568 0.100860
0.718593 0.099797
0.723618 0.098706
0.728643 0.097590
0.733668 0.096447
0.738693 0.095278
0.743719 0.094083
0.748744 0.092862
0.753769 0.091615
0.758794 0.090341
0.763819 0.089042
0.768844 0.087716
0.773869 0.086365
0.778894 0.084988
0.783920 0.083585
0.788945 0.082156
0.793970 0.080702
0.798995 0.079222
0.804020 0.077717
0.809045 0.076186
0.814070 0.074630
0.819095 0.073048
0.824121 0.071441
0.829146 0.069809
0.834171 0.068152
0.839196 0.066470
0.844221 0.064763
0.849246 0.063032
0.854271 0.061275
0.859296 0.059494
0.864322 0.057688
0.869347 0.055858
0.874372 0.054003
0.879397 0.052124
0.884422 0.050221
0.889447 0.048293
0.894472 0.046342
0.899497 0.044366
0.904523 0.042367
0.909548 0.040344
0.914573 0.038298
0.919598 0.036228
0.924623 0.034134
0.929648 0.032018
0.934673 0.029878
0.939698 0.027714
0.944724 0.025528
0.949749 0.023320
0.954774 0.021088
0.959799 0.018834
0.964824 0.016557
0.969849 0.014258
0.974874 0.011936
0.979899 0.009593
0.984925 0.007227
0.989950 0.004840
0.994975 0.002431
1.000000 0.000000
