CST_AIRFOIL
1.000000 0.000000
0.993289 0.001177
0.986577 0.002377
0.979866 0.003597
0.973154 0.004836
0.966443 0.006094
0.959732 0.007368
0.953020 0.008658
0.946309 0.009963
0.939597 0.011280
0.932886 0.012609
0.926174 0.013949
0.919463 0.015299
0.912752 0.016656
0.906040 0.018021
0.899329 0.019392
0.892617 0.020768
0.885906 0.022147
0.879195 0.023529
0.872483 0.024912
0.865772 0.026296
0.859060 0.027679
0.852349 0.029059
0.845638 0.030437
0.838926 0.031811
0.832215 0.033180
0.825503 0.034543
0.818792 0.035899
0.812081 0.037246
0.805369 0.038585
0.798658 0.039913
0.791946 0.041230
0.785235 0.042535
0.778523 0.043827
0.771812 0.045105
0.765101 0.046369
0.758389 0.047616
0.751678 0.048847
0.744966 0.050060
0.738255 0.051255
0.731544 0.052431
0.724832 0.053586
0.718121 0.054720
0.711409 0.055833
0.704698 0.056923
0.697987 0.057990
0.691275 0.059032
0.684564 0.060050
0.677852 0.061041
0.671141 0.062007
0.664430 0.062945
0.657718 0.063856
0.651007 0.064738
0.644295 0.065591
0.637584 0.066414
0.630872 0.067207
0.624161 0.067969
0.617450 0.068699
0.610738 0.069396
0.604027 0.070061
0.597315 0.070693
0.590604 0.071290
0.583893 0.071853
0.577181 0.072382
0.570470 0.072874
0.563758 0.073331
0.557047 0.073752
0.550336 0.074135
0.543624 0.074482
0.536913 0.074791
0.530201 0.075062
0.523490 0.075294
0.516779 0.075488
0.510067 0.075643
0.503356 0.075759
0.496644 0.075835
0.489933 0.075871
0.483221 0.075868
0.476510 0.075824
0.469799 0.075739
0.463087 0.075615
0.456376 0.075449
0.449664 0.075243
0.442953 0.074995
0.436242 0.074707
0.429530 0.074377
0.422819 0.074007
0.416107 0.073595
0.409396 0.073143
0.402685 0.072649
0.395973 0.072115
0.389262 0.071540
0.382550 0.070924
0.375839 0.070268
0.369128 0.069572
0.362416 0.068836
0.355705 0.068060
0.348993 0.067245
0.342282 0.066390
0.335570 0.065497
0.328859 0.064566
0.322148 0.063597
0.315436 0.062591
0.308725 0.061548
0.302013 0.060468
0.295302 0.059353
0.288591 0.058203
0.281879 0.057019
0.275168 0.055802
0.268456 0.054552
0.261745 0.053270
0.255034 0.051957
0.248322 0.050614
0.241611 0.049242
0.234899 0.047842
0.228188 0.046416
0.221477 0.044964
0.214765 0.043488
0.208054 0.041990
0.201342 0.040470
0.194631 0.038930
0.187919 0.037371
0.181208 0.035797
0.174497 0.034207
0.167785 0.032605
0.161074 0.030993
0.154362 0.029372
0.147651 0.027744
0.140940 0.026114
0.134228 0.024482
0.127517 0.022852
0.120805 0.021227
0.114094 0.019610
0.107383 0.018005
0.100671 0.016415
0.093960 0.014846
0.087248 0.013301
0.080537 0.011785
0.073826 0.010305
0.067114 0.008866
0.060403 0.007477
0.053691 0.006144
0.046980 0.004878
0.040268 0.003690
0.033557 0.002595
0.026846 0.001612
0.020134 0.000767
0.013423 0.000100
0.006711 -0.000311
0.000000 0.000000
0.006711 -0.010447
0.013423 -0.014255
0.020134 -0.016835
0.026846 -0.018732
0.033557 -0.020167
0.040268 -0.021257
0.046980 -0.022076
0.053691 -0.022673
0.060403 -0.023084
0.067114 -0.023336
0.073826 -0.023451
0.080537 -0.023445
0.087248 -0.023333
0.093960 -0.023126
0.100671 -0.022836
0.107383 -0.022471
0.114094 -0.022038
0.120805 -0.021545
0.127517 -0.020998
0.134228 -0.020402
0.140940 -0.019762
0.147651 -0.019083
0.154362 -0.018369
0.161074 -0.017623
0.167785 -0.016850
0.174497 -0.016052
0.181208 -0.015233
0.187919 -0.014394
0.194631 -0.013540
0.201342 -0.012672
0.208054 -0.011792
0.214765 -0.010903
0.221477 -0.010007
0.228188 -0.009105
0.234899 -0.008199
0.241611 -0.007291
0.248322 -0.006383
0.255034 -0.005476
0.261745 -0.004571
0.268456 -0.003670
0.275168 -0.002774
0.281879 -0.001884
0.288591 -0.001001
0.295302 -0.000126
0.302013 0.000739
0.308725 0.001594
0.315436 0.002438
0.322148 0.003269
0.328859 0.004088
0.335570 0.004894
0.342282 0.005685
0.348993 0.006461
0.355705 0.007222
0.362416 0.007966
0.369128 0.008694
0.375839 0.009404
0.382550 0.010097
0.389262 0.010772
0.395973 0.011428
0.402685 0.012065
0.409396 0.012682
0.416107 0.013280
0.422819 0.013858
0.429530 0.014416
0.436242 0.014953
0.442953 0.015469
0.449664 0.015964
0.456376 0.016438
0.463087 0.016890
0.469799 0.017321
0.476510 0.017731
0.483221 0.018119
0.489933 0.018484
0.496644 0.018828
0.503356 0.019151
0.510067 0.019451
0.516779 0.019729
0.523490 0.019986
0.530201 0.020220
0.536913 0.020433
0.543624 0.020624
0.550336 0.020793
0.557047 0.020941
0.563758 0.021067
0.570470 0.021172
0.577181 0.021256
0.583893 0.021319
0.590604 0.021362
0.597315 0.021383
0.604027 0.021385
0.610738 0.021366
0.617450 0.021327
0.624161 0.021269
0.630872 0.021191
0.637584 0.021094
0.644295 0.020978
0.651007 0.020844
0.657718 0.020692
0.664430 0.020522
0.671141 0.020334
0.677852 0.020130
0.684564 0.019908
0.691275 0.019671
0.697987 0.019417
0.704698 0.019148
0.711409 0.018863
0.718121 0.018564
0.724832 0.018251
0.731544 0.017924
0.738255 0.017584
0.744966 0.017230
0.751678 0.016865
0.758389 0.016487
0.765101 0.016098
0.771812 0.015699
0.778523 0.015289
0.785235 0.014869
0.791946 0.014440
0.798658 0.014002
0.805369 0.013556
0.812081 0.013103
0.818792 0.012643
0.825503 0.012176
0.832215 0.011704
0.838926 0.011227
0.845638 0.010745
0.852349 0.010259
0.859060 0.009770
0.865772 0.009279
0.872483 0.008785
0.879195 0.008291
0.885906 0.007796
0.892617 0.007301
0.899329 0.006807
0.906040 0.006314
0.912752 0.005824
0.919463 0.005337
0.926174 0.004853
0.932886 0.004375
0.939597 0.003901
0.946309 0.003433
0.953020 0.002972
0.959732 0.002519
0.966443 0.002073
0.973154 0.001637
0.979866 0.001211
0.986577 0.000796
0.993289 0.000392
1.000000 0.000000
