CST_AIRFOIL
1.000000 0.000000
0.993289 0.000708
0.986577 0.001457
0.979866 0.002246
0.973154 0.003073
0.966443 0.003937
0.959732 0.004835
0.953020 0.005767
0.946309 0.006730
0.939597 0.007724
0.932886 0.008745
0.926174 0.009794
0.919463 0.010868
0.912752 0.011966
0.906040 0.013086
0.899329 0.014227
0.892617 0.015387
0.885906 0.016565
0.879195 0.017759
0.872483 0.018968
0.865772 0.020191
0.859060 0.021425
0.852349 0.022671
0.845638 0.023925
0.838926 0.025187
0.832215 0.026455
0.825503 0.027728
0.818792 0.029006
0.812081 0.030285
0.805369 0.031566
0.798658 0.032846
0.791946 0.034125
0.785235 0.035401
0.778523 0.036672
0.771812 0.037939
0.765101 0.039199
0.758389 0.040451
0.751678 0.041695
0.744966 0.042928
0.738255 0.044150
0.731544 0.045360
0.724832 0.046556
0.718121 0.047737
0.711409 0.048903
0.704698 0.050052
0.697987 0.051183
0.691275 0.052296
0.684564 0.053388
0.677852 0.054459
0.671141 0.055509
0.664430 0.056535
0.657718 0.057538
0.651007 0.058516
0.644295 0.059468
0.637584 0.060393
0.630872 0.061291
0.624161 0.062161
0.617450 0.063002
0.610738 0.063812
0.604027 0.064592
0.597315 0.065340
0.590604 0.066056
0.583893 0.066738
0.577181 0.067387
0.570470 0.068002
0.563758 0.068581
0.557047 0.069124
0.550336 0.069631
0.543624 0.070101
0.536913 0.070533
0.530201 0.070927
0.523490 0.071282
0.516779 0.071598
0.510067 0.071874
0.503356 0.072110
0.496644 0.072305
0.489933 0.072459
0.483221 0.072572
0.476510 0.072642
0.469799 0.072671
0.463087 0.072657
0.456376 0.072600
0.449664 0.072500
0.442953 0.072356
0.436242 0.072170
0.429530 0.071939
0.422819 0.071665
0.416107 0.071347
0.409396 0.070984
0.402685 0.070578
0.395973 0.070128
0.389262 0.069634
0.382550 0.069095
0.375839 0.068513
0.369128 0.067887
0.362416 0.067218
0.355705 0.066505
0.348993 0.065749
0.342282 0.064950
0.335570 0.064109
0.328859 0.063226
0.322148 0.062300
0.315436 0.061334
0.308725 0.060327
0.302013 0.059279
0.295302 0.058193
0.288591 0.057067
0.281879 0.055903
0.275168 0.054701
0.268456 0.053463
0.261745 0.052189
0.255034 0.050881
0.248322 0.049539
0.241611 0.048164
0.234899 0.046758
0.228188 0.045321
0.221477 0.043856
0.214765 0.042363
0.208054 0.040844
0.201342 0.039301
0.194631 0.037736
0.187919 0.036149
0.181208 0.034544
0.174497 0.032921
0.167785 0.031285
0.161074 0.029635
0.154362 0.027976
0.147651 0.026310
0.140940 0.024640
0.134228 0.022968
0.127517 0.021299
0.120805 0.019635
0.114094 0.017981
0.107383 0.016341
0.100671 0.014718
0.093960 0.013120
0.087248 0.011549
0.080537 0.010014
0.073826 0.008521
0.067114 0.007077
0.060403 0.005692
0.053691 0.004375
0.046980 0.003140
0.040268 0.002001
0.033557 0.000977
0.026846 0.000094
0.020134 -0.000612
0.013423 -0.001080
0.006711 -0.001184
0.000000 0.000000
0.006711 -0.001203
0.013423 -0.001635
0.020134 -0.001922
0.026846 -0.002127
0.033557 -0.002277
0.040268 -0.002384
0.046980 -0.002458
0.053691 -0.002503
0.060403 -0.002525
0.067114 -0.002526
0.073826 -0.002509
0.080537 -0.002476
0.087248 -0.002428
0.093960 -0.002367
0.100671 -0.002294
0.107383 -0.002210
0.114094 -0.002116
0.120805 -0.002014
0.127517 -0.001902
0.134228 -0.001783
0.140940 -0.001657
0.147651 -0.001524
0.154362 -0.001385
0.161074 -0.001240
0.167785 -0.001090
0.174497 -0.000936
0.181208 -0.000777
0.187919 -0.000614
0.194631 -0.000447
0.201342 -0.000276
0.208054 -0.000103
0.214765 0.000073
0.221477 0.000252
0.228188 0.000433
0.234899 0.000616
0.241611 0.000801
0.248322 0.000987
0.255034 0.001175
0.261745 0.001364
0.268456 0.001554
0.275168 0.001744
0.281879 0.001935
0.288591 0.002126
0.295302 0.002318
0.302013 0.002509
0.308725 0.002700
0.315436 0.002891
0.322148 0.003081
0.328859 0.003271
0.335570 0.003460
0.342282 0.003647
0.348993 0.003834
0.355705 0.004019
0.362416 0.004203
0.369128 0.004385
0.375839 0.004566
0.382550 0.004744
0.389262 0.004921
0.395973 0.005096
0.402685 0.005268
0.409396 0.005438
0.416107 0.005605
0.422819 0.005770
0.429530 0.005933
0.436242 0.006092
0.442953 0.006248
0.449664 0.006402
0.456376 0.006552
0.463087 0.006699
0.469799 0.006842
0.476510 0.006982
0.483221 0.007119
0.489933 0.007251
0.496644 0.007380
0.503356 0.007505
0.510067 0.007626
0.516779 0.007743
0.523490 0.007856
0.530201 0.007964
0.536913 0.008068
0.543624 0.008168
0.550336 0.008263
0.557047 0.008353
0.563758 0.008438
0.570470 0.008519
0.577181 0.008595
0.583893 0.008665
0.590604 0.008731
0.597315 0.008791
0.604027 0.008846
0.610738 0.008896
0.617450 0.008941
0.624161 0.008979
0.630872 0.009012
0.637584 0.009040
0.644295 0.009061
0.651007 0.009077
0.657718 0.009087
0.664430 0.009091
0.671141 0.009089
0.677852 0.009080
0.684564 0.009065
0.691275 0.009044
0.697987 0.009017
0.704698 0.008983
0.711409 0.008942
0.718121 0.008895
0.724832 0.008841
0.731544 0.008781
0.738255 0.008713
0.744966 0.008639
0.751678 0.008557
0.758389 0.008469
0.765101 0.008373
0.771812 0.008270
0.778523 0.008160
0.785235 0.008043
0.791946 0.007918
0.798658 0.007785
0.805369 0.007645
0.812081 0.007498
0.818792 0.007343
0.825503 0.007180
0.832215 0.007009
0.838926 0.006830
0.845638 0.006643
0.852349 0.006448
0.859060 0.006245
0.865772 0.006034
0.872483 0.005815
0.879195 0.005587
0.885906 0.005351
0.892617 0.005107
0.899329 0.004854
0.906040 0.004593
0.912752 0.004323
0.919463 0.004044
0.926174 0.003757
0.932886 0.003460
0.939597 0.003155
0.946309 0.002841
0.953020 0.002518
0.959732 0.002186
0.966443 0.001845
0.973154 0.001494
0.979866 0.001135
0.986577 0.000766
0.993289 0.000388
1.000000 0.000000
